1460
1461
1462
1463
1469
1472
1475
1815
1856
1859
1862
1865
1868
1871
1874
1877
1880
1883
1886
1889
1893
1896
1899
1906
1913
1920
1927
1930
1933
1936
1939
1946
1949
1956
1959
1996
1999
2002
2005
2008
2011
2014
2017
2020
2023
2026
2033
2036
2039
2046
2053
2060
2067
2070
2073
2076
2079
2086
2089
2096
2099
2527
2528
2529
2530
2642
03006
03475
04725
04737
05025
05034
05114
2638
05117
4656
05131
05147
2667
2671
2675
2679
05272
2807
2809
2811
2851
2852
2853
2854
2855
2856
2857
2858
2859
2860
05467
05471
05473
